age 1.517664293503096e+10 4.425946087938208e+00 6.321370960466177e+04 2922000
albedo_broadband 9.761747964886896e+03 7.611712577945783e-01 8.462880898121287e-01 11688
aquifer_depth NaN NaN NaN 0
aquifer_thickness 0.000000000000000e+00 0.000000000000000e+00 0.000000000000000e+00 11688
blowing_snow 0.000000000000000e+00 0.000000000000000e+00 0.000000000000000e+00 11688
close_off_age 1.137016984536313e+08 9.085489428896537e+03 1.067111121935810e+04 11688
densification_from_compaction 2.072458083861282e+01 8.715080471404235e-04 7.381588287344698e-03 11688
densification_from_melt 9.962453179303594e-01 0.000000000000000e+00 9.634348637322887e-02 11688
density 1.894048997298759e+09 3.501664437471536e+02 9.169999756581768e+02 2922000
dz 8.650869586518377e+05 2.499979641261364e-02 8.803938954957015e+00 2922000
evaporation_condensation 1.766400965814605e+01 -1.006455077095597e+00 1.312135397388018e+00 11688
firn_air_content 5.517508339219599e+04 4.251449484809639e+00 5.512347610897418e+00 11688
firn_air_content_10m 4.024363466540390e+04 3.135257992700096e+00 3.928250403381424e+00 11688
firn_air_content_20m 5.232547822902420e+04 4.045314470235335e+00 5.199229168308070e+00 11688
grain_dendricity 4.405607571747294e+04 0.000000000000000e+00 1.000000000000000e+00 2922000
grain_radius 8.683121196084326e+05 4.873992449750025e-02 1.000000000000000e+00 2922000
grain_sphericity 1.477541638553327e+06 0.000000000000000e+00 1.000000000000000e+00 2922000
heat_flux_basal 4.454084449962485e+03 1.875144263906318e-03 5.098500108933419e-01 11688
heat_flux_latent 6.242403498596127e+02 -3.296023889631936e+01 3.831829649770626e+01 11688
heat_flux_sensible 1.049400573703978e+05 -6.021198584679397e+01 6.736736970031264e+01 11688
ice_flux -1.371217133142349e+01 -2.575655765928512e-02 9.799117571889486e-02 11688
ice_slab_depth 1.763486561848350e+05 1.401462416098230e+01 1.656403794506470e+01 11688
ice_slab_thickness 6.887383024670028e+05 5.745093113876808e+01 6.000034492285050e+01 11688
longwave_net -3.628650497111388e+05 -8.882655607717189e+01 2.658315836109306e+01 11688
melt 3.985390100137710e+02 0.000000000000000e+00 3.721973784560029e+01 11688
percolation_depth 2.088452492543166e+01 0.000000000000000e+00 9.646999631686473e-01 11688
precipitation 1.237198713830063e+04 0.000000000000000e+00 9.398321826259572e+00 11688
rain 6.422744428520046e+00 0.000000000000000e+00 1.281629653782469e+00 11688
refreeze 4.039330250290682e+02 0.000000000000000e+00 1.826090502339352e+01 11688
runoff 0.000000000000000e+00 0.000000000000000e+00 0.000000000000000e+00 11688
shortwave_net 2.543292008285891e+05 0.000000000000000e+00 8.645080361284514e+01 11688
strain_thinning 0.000000000000000e+00 0.000000000000000e+00 0.000000000000000e+00 11688
temperature 7.236251283808379e+08 2.083341788172275e+02 2.731500000000000e+02 2922000
temperature_air 2.914974079413395e+06 2.239332921751915e+02 2.763984470907031e+02 11688
water 3.902923752287281e+02 0.000000000000000e+00 2.650260049830448e+00 2922000
